AJUSTE RYDBERG 6 (unidades atomicas)
----------------------------------------------
 Re (dist. equilibrio, bohr) = 3.314473059508
 xe (energia equilibrio, hartree) = -8.385013710258e-02
 De (hartree) = 8.139736337731e-02   (17864.656292 cm-1)
 c1 = 6.444526530881e-01
 c2 = -4.457550675495e-02
 c3 = -3.469113615930e-03
 c4 = 8.374460909541e-03
 c5 = -1.001935152110e-03
 c6 = 6.552720068298e-05
 rms do ajuste = 8.493e-06 hartree

J = 0
ENERGIA VIBRACIONAL (cm-1)
----------------------------------------------
     1   198.0025754696537
     2   590.7616607335423
     3   978.8212216415208
     4   1362.1563800764184
     5   1740.7420491516498
     6   2114.5529519265342
     7   2483.5636429211418
     8   2847.7485327382115
     9   3207.0819161297763
    10   3561.5380038802327
    11   3911.0909589133648
    12   4255.7149370696980
    13   4595.3841330416244
    14   4930.0728319986383
    15   5259.7554674805797
    16   5584.4066861855317
    17   5904.0014203287674
    18   6218.5149682994579
    19   6527.9230843914265
    20   6832.2020784325332
    21   7131.3289261800792
    22   7425.2813913876716
    23   7714.0381604754330
    24   7997.5789907487315
    25   8275.8848731048947
    26   8548.9382101356132
    27   8816.7230104691425
    28   9079.2251000903616
    29   9336.4323512195406
    30   9588.3349291097111
    31   9834.9255568259941
    32   10076.1997976831190
    33   10312.1563545280551
    34   10542.7973844480439
    35   10768.1288267512155
    36   10988.1607412007124
    37   11202.9076524832362
    38   11412.3888957705421
    39   11616.6289570099143
    40   11815.6578002978367
    41   12009.5111734101010
    42   12198.2308813655145
    43   12381.8650168934619
    44   12560.4681359884544
    45   12734.1013665043010
    46   12902.8324381148286
    47   13066.7356230726091
    48   13225.8915791312829
    49   13380.3870887920239
    50   13530.3146926503741
    51   13675.7722189131709
    52   13816.8622158854214
    53   13953.6912990630990
    54   14086.3694290171097
    55   14215.0091401062436
    56   14339.7247428404153
    57   14460.6315241456214
    58   14577.8449697129345
    59   14691.4800310490409
    60   14801.6504569519238
    61   14908.4682051991422
    62   15012.0429456336296
    63   15112.4816609603422
    64   15209.8883468068361
    65   15304.3638082594207
    66   15396.0055463904955
    67   15484.9077253637442
    68   15571.1612085858415
    69   15654.8536510327103
    70   15736.0696342427946
    71   15814.8908304409542
    72   15891.3961827328967
    73   15965.6620892010014
    74   16037.7625799592843
    75   16107.7694777281649
    76   16175.7525342160388
    77   16241.7795364973990
    78   16305.9163796020239
    79   16368.2271036110251
    80   16428.7738956133471
    81   16487.6170588140703
    82   16544.8149528016365
    83   16600.4239103743203
    84   16654.4981373124319
    85   16707.0896020063083
    86   16758.2479218935732
    87   16808.0202532511321
    88   16856.4511902237173
    89   16903.5826806304067
    90   16949.4540070439507
    91   16994.1023666473266
    92   17037.5685887583350
    93   17079.9336871518826
    94   17121.4626954223932
    95   17162.8678844356655

ESPECTRO VIBRACIONAL (cm-1)
----------------------------------------------
     1   392.7590852638886
     2   780.8186461718672
     3   1164.1538046067647
     4   1542.7394736819961
     5   1916.5503764568805
     6   2285.5610674514883
     7   2649.7459572685580
     8   3009.0793406601229
     9   3363.5354284105792
    10   3713.0883834437113
    11   4057.7123616000445
    12   4397.3815575719709
    13   4732.0702565289848
    14   5061.7528920109262
    15   5386.4041107158782
    16   5705.9988448591139
    17   6020.5123928298044
    18   6329.9205089217730
    19   6634.1995029628797
    20   6933.3263507104257
    21   7227.2788159180182
    22   7516.0355850057795
    23   7799.5764152790780
    24   8077.8822976352412
    25   8350.9356346659588
    26   8618.7204349994881
    27   8881.2225246207072
    28   9138.4297757498862
    29   9390.3323536400567
    30   9636.9229813563397
    31   9878.1972222134646
    32   10114.1537790584007
    33   10344.7948089783895
    34   10570.1262512815611
    35   10790.1581657310580
    36   11004.9050770135818
    37   11214.3863203008877
    38   11418.6263815402599
    39   11617.6552248281823
    40   11811.5085979404466
    41   12000.2283058958601
    42   12183.8624414238075
    43   12362.4655605188000
    44   12536.0987910346466
    45   12704.8298626451742
    46   12868.7330476029547
    47   13027.8890036616285
    48   13182.3845133223695
    49   13332.3121171807197
    50   13477.7696434435165
    51   13618.8596404157670
    52   13755.6887235934446
    53   13888.3668535474553
    54   14017.0065646365892
    55   14141.7221673707609
    56   14262.6289486759670
    57   14379.8423942432801
    58   14493.4774555793865
    59   14603.6478814822694
    60   14710.4656297294878
    61   14814.0403701639752
    62   14914.4790854906878
    63   15011.8857713371817
    64   15106.3612327897663
    65   15198.0029709208411
    66   15286.9051498940898
    67   15373.1586331161870
    68   15456.8510755630559
    69   15538.0670587731402
    70   15616.8882549712998
    71   15693.3936072632423
    72   15767.6595137313470
    73   15839.7600044896299
    74   15909.7669022585105
    75   15977.7499587463844
    76   16043.7769610277446
    77   16107.9138041323695
    78   16170.2245281413707
    79   16230.7713201436927
    80   16289.6144833444159
    81   16346.8123773319821
    82   16402.4213349046659
    83   16456.4955618427775
    84   16509.0870265366539
    85   16560.2453464239188
    86   16610.0176777814777
    87   16658.4486147540629
    88   16705.5801051607523
    89   16751.4514315742963
    90   16796.0997911776722
    91   16839.5660132886806
    92   16881.9311116822282
    93   16923.4601199527388
    94   16964.8653089660111

DIFERENCA ENTRE OS NIVEIS VIBRACIONAIS (cm-1)
----------------------------------------------
     1   392.7590852638886
     2   388.0595609079785
     3   383.3351584348976
     4   378.5856690752314
     5   373.8109027748844
     6   369.0106909946076
     7   364.1848898170697
     8   359.3333833915649
     9   354.4560877504564
    10   349.5529550331321
    11   344.6239781563331
    12   339.6691959719265
    13   334.6886989570139
    14   329.6826354819414
    15   324.6512187049520
    16   319.5947341432357
    17   314.5135479706905
    18   309.4081160919686
    19   304.2789940411067
    20   299.1268477475460
    21   293.9524652075925
    22   288.7567690877613
    23   283.5408302732985
    24   278.3058823561632
    25   273.0533370307185
    26   267.7848003335293
    27   262.5020896212191
    28   257.2072511291790
    29   251.9025778901705
    30   246.5906277162831
    31   241.2742408571248
    32   235.9565568449361
    33   230.6410299199888
    34   225.3314423031716
    35   220.0319144494970
    36   214.7469112825238
    37   209.4812432873059
    38   204.2400612393722
    39   199.0288432879224
    40   193.8533731122643
    41   188.7197079554135
    42   183.6341355279474
    43   178.6031190949925
    44   173.6332305158467
    45   168.7310716105276
    46   163.9031849577805
    47   159.1559560586738
    48   154.4955096607409
    49   149.9276038583503
    50   145.4575262627968
    51   141.0899969722504
    52   136.8290831776776
    53   132.6781299540107
    54   128.6397110891339
    55   124.7156027341716
    56   120.9067813052061
    57   117.2134455673131
    58   113.6350613361064
    59   110.1704259028829
    60   106.8177482472183
    61   103.5747404344875
    62   100.4387153267126
    63   97.4066858464939
    64   94.4754614525846
    65   91.6417381310748
    66   88.9021789732487
    67   86.2534832220972
    68   83.6924424468689
    69   81.2159832100842
    70   78.8211961981597
    71   76.5053522919425
    72   74.2659064681047
    73   72.1004907582828
    74   70.0068977688807
    75   67.9830564878739
    76   66.0270022813602
    77   64.1368431046249
    78   62.3107240090012
    79   60.5467920023220
    80   58.8431632007232
    81   57.1978939875662
    82   55.6089575726837
    83   54.0742269381117
    84   52.5914646938763
    85   51.1583198872650
    86   49.7723313575589
    87   48.4309369725852
    88   47.1314904066894
    89   45.8713264135440
    90   44.6483596033759
    91   43.4662221110084
    92   42.3650983935477
    93   41.5290082705105
    94   41.4051890132723

CONSTANTES ESPECTROSCOPICAS
----------------------------------------------
 WE(cm-1)   = 397.4347680908442
 ALFAE(cm-1)= 3.9371630955465e-13
 WEXE(cm-1) = 2.3311035900770
 GAMAE(cm-1)= -2.9642954757492e-14
 WEYE(cm-1) = -4.1463528617803e-03

J = 1
ENERGIA VIBRACIONAL (cm-1)
----------------------------------------------
     1   199.5930803220497
     2   592.3422433457115
     3   980.3916448693576
     4   1363.7164029940286
     5   1742.2914270775000
     6   2116.0914364603077
     7   2485.0909819920107
     8   2849.2644706661281
     9   3208.5861937012378
    10   3563.0303584402936
    11   3912.5711244755357
    12   4257.1826444457929
    13   4596.8391099939399
    14   4931.5148034167059
    15   5261.1841555853462
    16   5585.8218107638404
    17   5905.4026990014154
    18   6219.9021168263625
    19   6529.2958170176535
    20   6833.5601082794183
    21   7132.6719656859086
    22   7426.6091528026309
    23   7715.3503564157409
    24   7998.8753348155406
    25   8277.1650805730678
    26   8550.2019987182412
    27   8817.9701011631678
    28   9080.4552181088657
    29   9337.6452270153732
    30   9589.5302994954382
    31   9836.1031661930192
    32   10077.3593993224767
    33   10313.2977120529467
    34   10543.9202733162947
    35   10769.2330358825384
    36   10989.2460746800498
    37   11203.9739313375085
    38   11413.4359598003539
    39   11617.6566666528270
    40   11816.6660384930565
    41   12010.4998474282347
    42   12199.1999245601182
    43   12382.8143903258588
    44   12561.3978298715174
    45   12735.0114014083229
    46   12903.7228658772674
    47   13067.6065273562799
    48   13226.7430755809419
    49   13381.2193247494706
    50   13531.1278464021580
    51   13676.5664984618870
    52   13817.6378572560279
    53   13954.4485641768624
    54   14087.1086031868799
    55   14215.7305292255114
    56   14340.4286703536818
    57   14461.3183278978340
    58   14578.5149987788009
    59   14692.1336426412545
    60   14802.2880134981660
    61   14909.0900716650340
    62   15012.6494871511186
    63   15113.0732408029035
    64   15210.4653247330025
    65   15304.9265392282541
    66   15396.5543796354832
    67   15485.4430037983911
    68   15571.6832685027930
    69   15655.3628220502796
    70   15736.5662394476840
    71   15815.3751866732073
    72   15891.8686009587964
    73   15966.1228749213715
    74   16038.2120336043117
    75   16108.2078949947918
    76   16176.1802063109535
    77   16242.1967502564839
    78   16306.3234174657264
    79   16368.6242434453907
    80   16429.1614103757056
    81   16487.9952160720568
    82   16545.1840141229768
    83   16600.7841306117334
    84   16654.8497638134104
    85   16707.4328737805699
    86   16758.5830687711132
    87   16808.3474950628442
    88   16856.7707360346940
    89   16903.8947280945758
    90   16949.7587425561360
    91   16994.3999733864766
    92   17037.8593162159050
    93   17080.2182340010659
    94   17121.7433906139740
    95   17163.1498689939363

ESPECTRO VIBRACIONAL (cm-1)
----------------------------------------------
     1   392.7491630236618
     2   780.7985645473079
     3   1164.1233226719789
     4   1542.6983467554503
     5   1916.4983561382580
     6   2285.4979016699608
     7   2649.6713903440786
     8   3008.9931133791879
     9   3363.4372781182437
    10   3712.9780441534858
    11   4057.5895641237430
    12   4397.2460296718900
    13   4731.9217230946560
    14   5061.5910752632963
    15   5386.2287304417905
    16   5705.8096186793655
    17   6020.3090365043126
    18   6329.7027366956036
    19   6633.9670279573684
    20   6933.0788853638587
    21   7227.0160724805810
    22   7515.7572760936910
    23   7799.2822544934907
    24   8077.5720002510179
    25   8350.6089183961922
    26   8618.3770208411188
    27   8880.8621377868167
    28   9138.0521466933242
    29   9389.9372191733892
    30   9636.5100858709702
    31   9877.7663190004278
    32   10113.7046317308977
    33   10344.3271929942457
    34   10569.6399555604894
    35   10789.6529943580008
    36   11004.3808510154595
    37   11213.8428794783049
    38   11418.0635863307780
    39   11617.0729581710075
    40   11810.9067671061857
    41   11999.6068442380692
    42   12183.2213100038098
    43   12361.8047495494684
    44   12535.4183210862739
    45   12704.1297855552184
    46   12868.0134470342309
    47   13027.1499952588929
    48   13181.6262444274216
    49   13331.5347660801090
    50   13476.9734181398380
    51   13618.0447769339789
    52   13754.8554838548134
    53   13887.5155228648309
    54   14016.1374489034624
    55   14140.8355900316328
    56   14261.7252475757850
    57   14378.9219184567519
    58   14492.5405623192055
    59   14602.6949331761170
    60   14709.4969913429850
    61   14813.0564068290696
    62   14913.4801604808545
    63   15010.8722444109535
    64   15105.3334589062051
    65   15196.9612993134342
    66   15285.8499234763422
    67   15372.0901881807440
    68   15455.7697417282307
    69   15536.9731591256350
    70   15615.7821063511583
    71   15692.2755206367474
    72   15766.5297945993225
    73   15838.6189532822627
    74   15908.6148146727428
    75   15976.5871259889045
    76   16042.6036699344349
    77   16106.7303371436774
    78   16169.0311631233417
    79   16229.5683300536566
    80   16288.4021357500078
    81   16345.5909338009278
    82   16401.1910502896826
    83   16455.2566834913596
    84   16507.8397934585191
    85   16558.9899884490624
    86   16608.7544147407934
    87   16657.1776557126432
    88   16704.3016477725250
    89   16750.1656622340852
    90   16794.8068930644258
    91   16838.2662358938542
    92   16880.6251536790151
    93   16922.1503102919232
    94   16963.5567886718854

DIFERENCA ENTRE OS NIVEIS VIBRACIONAIS (cm-1)
----------------------------------------------
     1   392.7491630236618
     2   388.0494015236461
     3   383.3247581246710
     4   378.5750240834714
     5   373.8000093828077
     6   368.9995455317030
     7   364.1734886741174
     8   359.3217230351097
     9   354.4441647390559
    10   349.5407660352421
    11   344.6115199702572
    12   339.6564655481470
    13   334.6756934227660
    14   329.6693521686402
    15   324.6376551784942
    16   319.5808882375750
    17   314.4994178249472
    18   309.3937001912909
    19   304.2642912617648
    20   299.1118574064903
    21   293.9371871167223
    22   288.7412036131100
    23   283.5249783997997
    24   278.2897457575273
    25   273.0369181451733
    26   267.7681024449266
    27   262.4851169456979
    28   257.1900089065075
    29   251.8850724800650
    30   246.5728666975810
    31   241.2562331294575
    32   235.9383127304700
    33   230.6225612633480
    34   225.3127625662437
    35   220.0130387975114
    36   214.7278566574587
    37   209.4620284628454
    38   204.2207068524731
    39   199.0093718402295
    40   193.8338089351782
    41   188.7000771318835
    42   183.6144657657405
    43   178.5834395456586
    44   173.6135715368055
    45   168.7114644689445
    46   163.8836614790125
    47   159.1365482246620
    48   154.4762491685287
    49   149.9085216526873
    50   145.4386520597291
    51   141.0713587941409
    52   136.8107069208345
    53   132.6600390100175
    54   128.6219260386315
    55   124.6981411281704
    56   120.8896575441522
    57   117.1966708809668
    58   113.6186438624536
    59   110.1543708569116
    60   106.8020581668679
    61   103.5594154860846
    62   100.4237536517849
    63   97.3920839300990
    64   94.4612144952516
    65   91.6278404072291
    66   88.8886241629079
    67   86.2402647044019
    68   83.6795535474866
    69   81.2034173974043
    70   78.8089472255233
    71   76.4934142855891
    72   74.2542739625751
    73   72.0891586829403
    74   69.9958613904801
    75   67.9723113161617
    76   66.0165439455304
    77   64.1266672092424
    78   62.3008259796643
    79   60.5371669303149
    80   58.8338056963512
    81   57.1887980509200
    82   55.6001164887566
    83   54.0656332016770
    84   52.5831099671595
    85   51.1501949905432
    86   49.7644262917311
    87   48.4232409718497
    88   47.1239920598819
    89   45.8640144615601
    90   44.6412308303406
    91   43.4593428294284
    92   42.3589177851609
    93   41.5251566129082
    94   41.4064783799622

CONSTANTES ESPECTROSCOPICAS
----------------------------------------------
 WE(cm-1)   = 397.4250793705083
 ALFAE(cm-1)= 4.8425480609311e-03
 WEXE(cm-1) = 2.3312193257883
 GAMAE(cm-1)= -5.9286026443117e-05
 WEYE(cm-1) = -4.1469831598807e-03

CONSTANTES ROTACIONAIS (de Bv = (E_v(J=1)-E_v(J=0))/2)
----------------------------------------------
 B0(cm-1) = 7.9525242619800e-01
 B1(cm-1) = 7.9029130608460e-01
 B2(cm-1) = 7.8521161391843e-01
 BE(cm-1)    = 7.9768852173491e-01
 ALFAE(cm-1) = 4.8425480606273e-03
 GAMAE(cm-1) = -5.9286026385830e-05
