UNIDADES DO CSV (convertidas para bohr/hartree)
----------------------------------------------
 r = bohr  (header)
 V = hartree  (header)

AJUSTE RYDBERG 6 (unidades atomicas)
----------------------------------------------
 Re (dist. equilibrio, bohr) = 14.536418004776
 xe (energia equilibrio, hartree) = -2.197202231013e-07
 De (hartree) = 2.208115068753e-03   (484.625240 cm-1)
 c1 = 9.544433759764e-01
 c2 = 6.234897254683e-02
 c3 = 1.905121968264e-02
 c4 = -4.754973093212e-03
 c5 = 4.303874986406e-03
 c6 = -1.959516542903e-04
 rms do ajuste = 1.223e-07 hartree

J = 0
ENERGIA VIBRACIONAL (cm-1)
----------------------------------------------
     1   9.7270303765690
     2   28.8882091962320
     3   47.6632853234145
     4   66.0482324042705
     5   84.0388784846834
     6   101.6309073525560
     7   118.8198608547542
     8   135.6011425995313
     9   151.9700235650527
    10   167.9216502763448
    11   183.4510563951669
    12   198.5531788008964
    13   213.2228795386638
    14   227.4549753890418
    15   241.2442772888701
    16   254.5856424220255
    17   267.4740425149384
    18   279.9046527147323
    19   291.8729663712801
    20   303.3749420087040
    21   314.4071895824109
    22   324.9672034418483
    23   335.0536486798900
    24   344.6667048337969
    25   353.8084649164892
    26   362.4833769572423
    27   370.6986983593313
    28   378.4649106754009
    29   385.7960175348236
    30   392.7096304571073
    31   399.2267502097560
    32   405.3711887476057
    33   411.1686503859370
    34   416.6455807185500
    35   421.8279597527846
    36   426.7402274835853
    37   431.4044801808262
    38   435.8399915280715
    39   440.0630338771562
    40   444.0869272630594
    41   447.9222309612484
    42   451.5770030248681
    43   455.0570733998686
    44   458.3662960873633
    45   461.5067609427840
    46   464.4789552153970
    47   467.2818695767187
    48   469.9130441521169
    49   472.3685474960234
    50   474.6428751963355
    51   476.7287430335288
    52   478.6167275723342
    53   480.2946628400908
    54   481.7466034487031
    55   482.9509392029007
    56   483.8803757379375
    57   484.5837159477473

ESPECTRO VIBRACIONAL (cm-1)
----------------------------------------------
     1   19.1611788196631
     2   37.9362549468455
     3   56.3212020277015
     4   74.3118481081144
     5   91.9038769759870
     6   109.0928304781852
     7   125.8741122229623
     8   142.2429931884837
     9   158.1946198997759
    10   173.7240260185980
    11   188.8261484243274
    12   203.4958491620948
    13   217.7279450124728
    14   231.5172469123011
    15   244.8586120454565
    16   257.7470121383694
    17   270.1776223381634
    18   282.1459359947111
    19   293.6479116321350
    20   304.6801592058419
    21   315.2401730652793
    22   325.3266183033211
    23   334.9396744572280
    24   344.0814345399202
    25   352.7563465806733
    26   360.9716679827623
    27   368.7378802988319
    28   376.0689871582546
    29   382.9826000805384
    30   389.4997198331870
    31   395.6441583710367
    32   401.4416200093680
    33   406.9185503419810
    34   412.1009293762157
    35   417.0131971070163
    36   421.6774498042573
    37   426.1129611515025
    38   430.3360035005872
    39   434.3598968864904
    40   438.1952005846794
    41   441.8499726482991
    42   445.3300430232996
    43   448.6392657107943
    44   451.7797305662150
    45   454.7519248388281
    46   457.5548392001498
    47   460.1860137755479
    48   462.6415171194544
    49   464.9158448197665
    50   467.0017126569598
    51   468.8896971957652
    52   470.5676324635218
    53   472.0195730721341
    54   473.2239088263317
    55   474.1533453613686
    56   474.8566855711783

DIFERENCA ENTRE OS NIVEIS VIBRACIONAIS (cm-1)
----------------------------------------------
     1   19.1611788196631
     2   18.7750761271824
     3   18.3849470808560
     4   17.9906460804129
     5   17.5920288678727
     6   17.1889535021982
     7   16.7812817447771
     8   16.3688809655214
     9   15.9516267112921
    10   15.5294061188221
    11   15.1021224057294
    12   14.6697007377674
    13   14.2320958503780
    14   13.7893018998283
    15   13.3413651331554
    16   12.8884000929129
    17   12.4306101997939
    18   11.9683136565478
    19   11.5019756374239
    20   11.0322475737069
    21   10.5600138594374
    22   10.0864452380418
    23   9.6130561539069
    24   9.1417600826923
    25   8.6749120407531
    26   8.2153214020890
    27   7.7662123160696
    28   7.3311068594227
    29   6.9136129222837
    30   6.5171197526487
    31   6.1444385378497
    32   5.7974616383313
    33   5.4769303326130
    34   5.1823790342347
    35   4.9122677308006
    36   4.6642526972410
    37   4.4355113472453
    38   4.2230423490847
    39   4.0238933859032
    40   3.8353036981890
    41   3.6547720636197
    42   3.4800703750005
    43   3.3092226874948
    44   3.1404648554206
    45   2.9721942726131
    46   2.8029143613217
    47   2.6311745753981
    48   2.4555033439065
    49   2.2743277003121
    50   2.0858678371933
    51   1.8879845388054
    52   1.6779352677566
    53   1.4519406086123
    54   1.2043357541976
    55   0.9294365350369
    56   0.7033402098098

CONSTANTES ESPECTROSCOPICAS
----------------------------------------------
 WE(cm-1)   = 19.5434229230414
 WEXE(cm-1) = 0.1900315808559
 WEYE(cm-1) = -6.7105897431034e-04
 ALFAE(cm-1)= 1.5108140433151e-14
 GAMAE(cm-1)= 4.7739590058882e-15
 (residuo de consistencia, nao constantes: em J=0 o fator J(J+1)
  zera e o +4WE-23WEYE da formula cancela a parte vibracional,
  entao sobra ~0. Longe de zero = constantes e niveis de runs
  diferentes. Os alfae/gamae fisicos sao os do J=1.)

J = 1
ENERGIA VIBRACIONAL (cm-1)
----------------------------------------------
     1   9.7317599378064
     2   28.8929099075584
     3   47.6679566988807
     4   66.0528739214093
     5   84.0434895821317
     6   101.6354874274405
     7   118.8244092598228
     8   135.6056586400211
     9   151.9745064952860
    10   167.9260992960412
    11   183.4554706454914
    12   198.5575573602693
    13   213.2272214183665
    14   227.4592795287207
    15   241.2485425520659
    16   254.5898675919337
    17   267.4782262907247
    18   279.9087937088376
    19   291.8770631083851
    20   303.3789929272248
    21   314.4111930397498
    22   324.9711577249682
    23   335.0575520231748
    24   344.6705554464530
    25   353.8122610217945
    26   362.4871168454047
    27   370.7023804542926
    28   378.4685336130618
    29   385.7995802460266
    30   392.7131322437770
    31   399.2301907988360
    32   405.3745683073477
    33   411.1719694946958
    34   416.6488402868324
    35   421.8311609108570
    36   426.7433714542775
    37   431.4075681572697
    38   435.8430245701740
    39   440.0660128324294
    40   444.0898527104589
    41   447.9251031726130
    42   451.5798219370760
    43   455.0598385908670
    44   458.3690067499171
    45   461.5094158501822
    46   464.4815526731614
    47   467.2844073531005
    48   469.9155193773457
    49   472.3709565148308
    50   474.6452133480992
    51   476.7310043145555
    52   478.6189040938012
    53   480.2967439020611
    54   481.7485738111754
    55   482.9527754770348
    56   483.8820466096940
    57   484.5852908547539

ESPECTRO VIBRACIONAL (cm-1)
----------------------------------------------
     1   19.1611499697520
     2   37.9361967610743
     3   56.3211139836029
     4   74.3117296443253
     5   91.9037274896342
     6   109.0926493220165
     7   125.8738987022147
     8   142.2427465574796
     9   158.1943393582348
    10   173.7237107076850
    11   188.8257974224630
    12   203.4954614805601
    13   217.7275195909143
    14   231.5167826142595
    15   244.8581076541274
    16   257.7464663529183
    17   270.1770337710312
    18   282.1453031705787
    19   293.6472329894185
    20   304.6794331019435
    21   315.2393977871619
    22   325.3257920853684
    23   334.9387955086466
    24   344.0805010839881
    25   352.7553569075983
    26   360.9706205164862
    27   368.7367736752554
    28   376.0678203082202
    29   382.9813723059706
    30   389.4984308610296
    31   395.6428083695413
    32   401.4402095568894
    33   406.9170803490260
    34   412.0994009730506
    35   417.0116115164711
    36   421.6758082194634
    37   426.1112646323676
    38   430.3342528946230
    39   434.3580927726525
    40   438.1933432348066
    41   441.8480619992696
    42   445.3280786530606
    43   448.6372468121107
    44   451.7776559123758
    45   454.7497927353550
    46   457.5526474152941
    47   460.1837594395393
    48   462.6391965770244
    49   464.9134534102928
    50   466.9992443767492
    51   468.8871441559948
    52   470.5649839642547
    53   472.0168138733690
    54   473.2210155392285
    55   474.1502866718876
    56   474.8535309169475

DIFERENCA ENTRE OS NIVEIS VIBRACIONAIS (cm-1)
----------------------------------------------
     1   19.1611499697520
     2   18.7750467913223
     3   18.3849172225286
     4   17.9906156607224
     5   17.5919978453089
     6   17.1889218323823
     7   16.7812493801982
     8   16.3688478552649
     9   15.9515928007552
    10   15.5293713494502
    11   15.1020867147779
    12   14.6696640580972
    13   14.2320581103542
    14   13.7892630233452
    15   13.3413250398678
    16   12.8883586987910
    17   12.4305674181129
    18   11.9682693995475
    19   11.5019298188398
    20   11.0322001125250
    21   10.5599646852184
    22   10.0863942982065
    23   9.6130034232783
    24   9.1417055753415
    25   8.6748558236102
    26   8.2152636088879
    27   7.7661531587693
    28   7.3310466329647
    29   6.9135519977504
    30   6.5170585550591
    31   6.1443775085117
    32   5.7974011873480
    33   5.4768707921367
    34   5.1823206240246
    35   4.9122105434205
    36   4.6641967029922
    37   4.4354564129042
    38   4.2229882622555
    39   4.0238398780295
    40   3.8352504621541
    41   3.6547187644630
    42   3.4800166537910
    43   3.3091681590501
    44   3.1404091002651
    45   2.9721368229792
    46   2.8028546799391
    47   2.6311120242452
    48   2.4554371374851
    49   2.2742568332684
    50   2.0857909664563
    51   1.8878997792456
    52   1.6778398082599
    53   1.4518299091143
    54   1.2042016658594
    55   0.9292711326592
    56   0.7032442450599

CONSTANTES ESPECTROSCOPICAS
----------------------------------------------
 WE(cm-1)   = 19.5433945240828
 WEXE(cm-1) = 0.1900317964418
 WEYE(cm-1) = -6.7106506067841e-04
 ALFAE(cm-1)= 1.4181980994908e-05
 GAMAE(cm-1)= -1.2148726524774e-07
 (das energias deste run com WE/WEXE/WEYE do J=0: a metodologia)

CONSTANTES ROTACIONAIS (de Bv = (E_v(J=1)-E_v(J=0))/2)
----------------------------------------------
 B0(cm-1) = 2.3647806186855e-03
 B1(cm-1) = 2.3503556631645e-03
 B2(cm-1) = 2.3356877331078e-03
 BE(cm-1)    = 2.3719019809952e-03
 ALFAE(cm-1) = 1.4181980985330e-05
 GAMAE(cm-1) = -1.2148726785200e-07

EXPANSAO DE DUNHAM (Baggio 2017, eq. 5)
----------------------------------------------
 eps(v,J) = we(v+1/2) - wexe(v+1/2)^2 + weye(v+1/2)^3
            + [Be - alfae(v+1/2) + gamae(v+1/2)^2] J(J+1)
 com as constantes do J=0 e o alfae/gamae da metodologia dos dois runs
 De (cm-1) = 484.625240
 vmax  (eq. 6, eps(v,0) < De)     = 42
 vmax  (eq. 10, Bv > 0)           = 42
 desvio Dunham-DVR em J=0 sobre os 57 niveis do DVR: max -108.0423 cm-1 em v=56, rms 33.0608

 eps(v,J) (cm-1)
     v              J=0              J=1              J=2              J=3              J=4              J=5
     0         9.724120         9.728849         9.738308         9.752497         9.771415         9.795063
     1        28.885299        28.889999        28.899401        28.913503        28.932306        28.955809
     2        47.660375        47.665046        47.674389        47.688403        47.707088        47.730445
     3        66.045322        66.049963        66.059246        66.073171        66.091737        66.114945
     4        84.036113        84.040725        84.049947        84.063781        84.082226        84.105282
     5       101.628723       101.633304       101.642465       101.656206       101.674528       101.697430
     6       118.819125       118.823674       118.832773       118.846420       118.864617       118.887363
     7       135.603292       135.607810       135.616845       135.630397       135.648467       135.671054
     8       151.977199       151.981684       151.990655       152.004110       152.022051       152.044476
     9       167.936818       167.941271       167.950176       167.963533       167.981343       168.003605
    10       183.478124       183.482543       183.491382       183.504639       183.522316       183.544412
    11       198.597090       198.601476       198.610247       198.623403       198.640945       198.662873
    12       213.289690       213.294041       213.302744       213.315798       213.333203       213.354959
    13       227.551897       227.556214       227.564847       227.577797       227.595063       227.616646
    14       241.379685       241.383967       241.392530       241.405374       241.422500       241.443907
    15       254.769028       254.773274       254.781766       254.794503       254.811486       254.832715
    16       267.715900       267.720109       267.728528       267.741157       267.757996       267.779044
    17       280.216273       280.220446       280.228792       280.241311       280.258003       280.278868
    18       292.266122       292.270258       292.278529       292.290937       292.307481       292.328160
    19       303.861420       303.865518       303.873715       303.886010       303.902403       303.922895
    20       314.998141       315.002201       315.010322       315.022503       315.038743       315.059045
    21       325.672259       325.676281       325.684324       325.696389       325.712475       325.732584
    22       335.879747       335.883729       335.891695       335.903642       335.919573       335.939486
    23       345.616579       345.620522       345.628408       345.640237       345.656009       345.675725
    24       354.878728       354.882631       354.890437       354.902146       354.917758       354.937274
    25       363.662169       363.666031       363.673756       363.685344       363.700794       363.720107
    26       371.962874       371.966695       371.974339       371.985803       372.001089       372.020197
    27       379.776818       379.780598       379.788158       379.799498       379.814618       379.833518
    28       387.099974       387.103712       387.111188       387.122402       387.137354       387.156045
    29       393.928315       393.932011       393.939402       393.950489       393.965272       393.983750
    30       400.257816       400.261469       400.268774       400.279732       400.294343       400.312607
    31       406.084451       406.088060       406.095278       406.106106       406.120543       406.138589
    32       411.404191       411.407757       411.414887       411.425583       411.439845       411.457671
    33       416.213013       416.216533       416.223575       416.234138       416.248222       416.265827
    34       420.506888       420.510364       420.517316       420.527744       420.541648       420.559028
    35       424.281790       424.285221       424.292082       424.302374       424.316097       424.333251
    36       427.533694       427.537079       427.543849       427.554003       427.567543       427.584467
    37       430.258573       430.261912       430.268589       430.278604       430.291958       430.308651
    38       432.452401       432.455693       432.462276       432.472151       432.485317       432.501776
    39       434.111151       434.114395       434.120884       434.130617       434.143594       434.159816
    40       435.230796       435.233993       435.240386       435.249975       435.262762       435.278744
    41       435.807311       435.810460       435.816756       435.826201       435.838794       435.854535
    42       435.836670       435.839769       435.845968       435.855267       435.867664       435.883162
